# Trimmed version of Nmax = 7
# This was made from genremap.cpp as part of the BoxRemap
# code from Carlson & White: 
# http://mwhite.berkeley.edu/BoxRemap/
# L1 L2 L3   u11 u12 u13   u21 u22 u23   u31 u32 u33   (periodicity)
1.0000 1.0000 1.0000   1 0 0   0 1 0   0 0 1   (123)
1.4142 0.7071 1.0000   1 1 0   0 1 0   0 0 1   (13)
1.4142 1.0000 0.7071   1 1 0   0 0 1   1 0 0   (12)
1.4142 1.2247 0.5774   1 1 0   1 0 1   1 0 0   (1)
1.7321 0.8165 0.7071   1 1 1   1 0 0   0 1 0   (1)
1.7321 1.4142 0.4082   1 1 1   2 0 1   1 0 0   (12)
1.4142 2.1213 0.3333   1 1 0   0 1 2   0 0 1   (1)
1.7321 2.1602 0.2673   1 1 1   3 0 1   1 0 0   (1)
2.2361 1.0000 0.4472   2 1 0   0 0 1   1 0 0   (12)
2.2361 1.0954 0.4082   2 1 0   1 0 1   1 0 0   (1)
2.2361 1.3416 0.3333   2 1 0   0 1 1   1 0 0   (1)
2.2361 1.6733 0.2673   2 1 0   3 0 1   1 0 0   (1)
1.4142 2.3452 0.3015   1 1 0   3 0 1   1 0 0   (1)
2.4495 0.7071 0.5774   2 1 1   1 1 0   0 1 0   (1)
2.4495 0.5774 0.7071   2 1 1   1 0 0   0 1 0   (1)
2.4495 0.9129 0.4472   2 1 1   0 0 1   1 0 0   (1)
2.4495 1.3540 0.3015   2 1 1   1 -1 0   1 0 0   (1)
2.4495 1.5275 0.2673   2 1 1   1 2 0   0 1 0   (1)
1.4142 2.9155 0.2425   1 1 0   0 3 2   0 1 1   (1)
3.0000 0.4714 0.7071   2 2 1   1 1 0   0 1 0   (1)
3.0000 0.7454 0.4472   2 2 1   1 0 0   0 1 0   (1)
3.0000 1.0000 0.3333   2 2 1   0 1 1   1 0 0   (1)
3.0000 1.3744 0.2425   2 2 1   1 0 -1   1 1 0   (1)
3.1623 0.3162 1.0000   3 0 1   1 0 0   0 1 0   (13)
3.1623 1.0000 0.3162   3 1 0   0 0 1   1 0 0   (12)
3.1623 1.0488 0.3015   3 1 0   1 0 1   1 0 0   (1)
3.1623 1.1832 0.2673   3 1 0   2 0 1   1 0 0   (1)
3.3166 0.4264 0.7071   3 1 1   1 0 0   0 1 0   (1)
3.3166 0.7385 0.4082   3 1 1   1 1 0   0 1 0   (1)
3.3166 0.9535 0.3162   3 1 1   0 0 1   1 0 0   (1)
3.6056 1.0000 0.2774   3 0 2   0 1 0   1 0 1   (12)
3.6056 1.0377 0.2673   3 2 0   1 1 1   0 0 1   (1)
3.6056 1.1435 0.2425   3 0 2   1 1 0   1 0 1   (1)
3.7417 0.4629 0.5774   3 2 1   1 1 0   0 1 0   (1)
3.7417 0.5976 0.4472   3 2 1   1 0 0   0 1 0   (1)
3.7417 0.6547 0.4082   3 2 1   1 1 1   1 0 0   (1)
3.7417 0.8452 0.3162   3 1 2   0 0 1   1 0 0   (1)
3.7417 0.9636 0.2774   3 1 2   0 1 0   1 0 1   (1)
4.1231 0.3430 0.7071   3 2 2   1 1 1   0 0 1   (1)
4.1231 0.7276 0.3333   3 2 2   1 1 0   0 0 1   (1)
4.1231 0.8745 0.2774   3 2 2   0 1 0   1 0 1   (1)
4.1231 1.0000 0.2425   4 1 0   0 0 1   1 0 0   (12)
4.2426 0.7071 0.3333   4 1 1   2 0 1   1 0 0   (1)
4.2426 0.7817 0.3015   4 1 1   1 1 0   0 1 0   (1)
4.2426 0.9718 0.2425   4 1 1   0 0 1   1 0 0   (1)
4.3589 0.3244 0.7071   3 3 1   1 1 0   0 1 0   (1)
4.3589 0.7255 0.3162   3 3 1   1 0 0   0 1 0   (1)
4.3589 0.8584 0.2673   3 3 1   1 2 0   0 1 0   (1)
4.5826 0.4880 0.4472   4 2 1   1 0 0   0 1 0   (1)
4.5826 0.5345 0.4082   4 2 1   1 1 0   0 1 0   (1)
4.5826 0.8165 0.2673   4 2 1   1 1 1   1 0 0   (1)
4.5826 0.8997 0.2425   4 1 2   0 0 1   1 0 0   (1)
4.6904 0.7071 0.3015   3 3 2   2 1 1   1 0 0   (1)
4.6904 0.7687 0.2774   3 3 2   0 1 0   1 0 1   (1)
5.0990 0.3397 0.5774   4 3 1   1 1 0   0 1 0   (1)
5.0990 0.5883 0.3333   4 1 3   2 0 1   1 0 0   (1)
5.0990 0.6202 0.3162   4 3 1   1 0 0   0 1 0   (1)
5.0990 0.7338 0.2673   4 3 1   1 1 1   0 0 1   (1)
5.0990 0.8086 0.2425   4 1 3   0 0 1   1 0 0   (1)
5.1962 0.2722 0.7071   5 1 1   1 0 0   0 1 0   (1)
5.1962 0.7201 0.2673   5 1 1   2 0 1   1 0 0   (1)
5.3852 0.4152 0.4472   4 3 2   2 1 1   1 0 0   (1)
5.3852 0.4549 0.4082   4 3 2   1 1 1   1 0 0   (1)
5.3852 0.5571 0.3333   4 3 2   1 1 0   0 0 1   (1)
5.3852 0.6695 0.2774   4 2 3   1 0 0   0 1 1   (1)
5.4772 0.4472 0.4082   5 2 1   2 1 0   0 0 1   (1)
5.4772 0.6055 0.3015   5 2 1   1 1 0   0 1 0   (1)
5.7446 0.2462 0.7071   4 4 1   1 1 0   0 1 0   (1)
5.7446 0.7177 0.2425   4 4 1   1 0 0   0 1 0   (1)
5.8310 0.7071 0.2425   4 3 3   2 1 2   1 1 0   (1)
5.9161 0.4140 0.4082   5 3 1   1 1 0   0 1 0   (1)
5.9161 0.5345 0.3162   5 3 1   1 0 0   0 1 0   (1)
5.9161 0.6325 0.2673   5 1 3   2 1 1   0 1 0   (1)
6.1644 0.2810 0.5774   5 3 2   2 1 1   1 0 0   (1)
6.1644 0.5849 0.2774   5 2 3   1 0 0   0 1 1   (1)
6.1644 0.6070 0.2673   5 3 2   1 1 1   1 0 0   (1)
6.4031 0.3492 0.4472   6 2 1   1 0 0   0 1 0   (1)
6.4031 0.4685 0.3333   6 1 2   2 0 1   1 0 0   (1)
6.4031 0.4939 0.3162   6 1 2   3 0 1   1 0 0   (1)
6.4807 0.5774 0.2673   5 1 4   2 0 1   1 0 0   (1)
6.4807 0.6362 0.2425   5 4 1   1 0 0   0 1 0   (1)
6.7082 0.4472 0.3333   5 4 2   1 1 0   0 0 1   (1)
6.7082 0.5578 0.2673   5 4 2   1 1 1   0 0 1   (1)
6.7823 0.3297 0.4472   6 1 3   2 0 1   1 0 0   (1)
6.7823 0.4663 0.3162   6 3 1   1 0 0   0 1 0   (1)
6.7823 0.4890 0.3015   6 3 1   1 1 0   0 1 0   (1)
7.0000 0.3194 0.4472   6 3 2   2 1 1   1 0 0   (1)
7.0000 0.4518 0.3162   6 3 2   3 1 1   1 0 0   (1)
7.0000 0.5151 0.2774   6 2 3   1 0 0   0 1 1   (1)
7.0000 0.5890 0.2425   6 3 2   1 1 0   1 0 1   (1)
7.0711 0.3464 0.4082   5 4 3   1 1 1   1 0 0   (1)
7.0711 0.4243 0.3333   5 4 3   2 2 1   0 1 0   (1)
7.0711 0.4690 0.3015   5 4 3   2 1 1   1 0 0   (1)
7.2801 0.3365 0.4082   6 4 1   1 1 0   0 1 0   (1)
7.2801 0.4121 0.3333   6 1 4   2 0 1   1 0 0   (1)
7.2801 0.4953 0.2774   6 4 1   3 2 0   1 1 0   (1)
7.2801 0.5664 0.2425   6 4 1   1 0 0   0 1 0   (1)
7.3485 0.3043 0.4472   7 2 1   1 0 0   0 1 0   (1)
7.3485 0.4513 0.3015   7 2 1   3 1 0   0 0 1   (1)
7.3485 0.5092 0.2673   7 1 2   2 0 1   1 0 0   (1)
7.6811 0.3189 0.4082   7 3 1   2 1 0   0 0 1   (1)
7.6811 0.4117 0.3162   7 3 1   1 0 0   0 1 0   (1)
7.6811 0.4871 0.2673   7 1 3   3 0 1   1 0 0   (1)
7.8102 0.2863 0.4472   6 4 3   2 1 1   1 0 0   (1)
7.8102 0.4616 0.2774   6 4 3   3 2 1   1 1 0   (1)
7.8102 0.4791 0.2673   6 4 3   1 1 1   1 0 0   (1)
7.8740 0.3111 0.4082   7 3 2   3 1 1   1 0 0   (1)
7.8740 0.4212 0.3015   7 3 2   2 1 1   1 0 0   (1)
7.8740 0.4579 0.2774   7 2 3   1 0 0   0 1 1   (1)
8.0623 0.3721 0.3333   6 5 2   1 1 0   0 0 1   (1)
8.0623 0.3922 0.3162   6 5 2   3 2 1   1 0 0   (1)
8.1240 0.4082 0.3015   7 4 1   1 1 0   0 1 0   (1)
8.1240 0.5075 0.2425   7 4 1   1 0 0   0 1 0   (1)
8.3066 0.2692 0.4472   7 2 4   3 1 2   0 0 1   (1)
8.3066 0.4504 0.2673   7 2 4   2 1 1   0 1 0   (1)
8.3066 0.4964 0.2425   7 4 2   1 1 0   1 0 1   (1)
8.3666 0.4472 0.2673   6 5 3   1 1 1   0 0 1   (1)
8.6603 0.2828 0.4082   7 5 1   1 1 0   0 1 0   (1)
8.6603 0.4320 0.2673   7 1 5   2 0 1   1 0 0   (1)
8.7750 0.2791 0.4082   6 5 4   1 1 1   1 0 0   (1)
8.7750 0.4109 0.2774   6 4 5   3 2 2   1 1 0   (1)
8.7750 0.4699 0.2425   6 4 5   2 1 2   1 1 0   (1)
9.1104 0.2689 0.4082   7 3 5   3 1 2   1 0 0   (1)
9.1104 0.4107 0.2673   7 3 5   2 1 1   0 0 1   (1)
9.4340 0.3180 0.3333   7 6 2   1 1 0   0 0 1   (1)
9.4340 0.3352 0.3162   7 2 6   3 1 3   0 0 1   (1)
9.4340 0.4370 0.2425   7 2 6   2 1 2   1 0 1   (1)
9.4868 0.3162 0.3333   7 4 5   3 2 2   0 1 0   (1)
9.4868 0.3496 0.3015   7 5 4   2 1 1   1 0 0   (1)
9.4868 0.3944 0.2673   7 5 4   1 1 1   1 0 0   (1)
10.0499 0.2985 0.3333   7 6 4   2 2 1   0 1 0   (1)
10.0499 0.3588 0.2774   7 6 4   3 3 2   0 1 1   (1)
10.0499 0.3723 0.2673   7 6 4   1 1 1   0 0 1   (1)
